0 2
0 8
0 13
0 21
0 29
0 50
1 2
1 3
1 7
1 38
1 54
1 75
1 80
1 87
2 3
2 4
2 5
2 7
2 14
2 17
2 18
2 23
2 25
2 29
2 33
2 35
2 40
2 43
2 48
2 49
2 51
2 58
2 60
2 68
2 69
2 73
2 74
2 75
2 78
2 84
2 93
2 94
3 4
3 5
3 6
3 8
3 9
3 11
3 14
3 15
3 21
3 22
3 24
3 39
3 41
3 56
3 63
3 77
3 89
3 98
4 6
4 28
4 32
4 50
4 57
4 61
4 67
4 91
5 10
5 12
5 20
5 76
6 9
6 12
6 15
6 16
6 27
6 44
6 52
6 53
6 54
6 65
6 77
6 83
7 10
7 55
7 58
7 97
8 23
8 36
9 11
9 13
9 22
9 31
9 35
9 42
9 59
9 76
9 88
10 25
10 27
11 97
12 18
12 62
12 81
13 31
13 67
14 17
14 19
14 39
14 53
14 73
14 89
14 99
15 16
15 19
15 30
15 32
15 45
15 63
15 65
15 90
16 26
16 70
17 34
17 36
17 41
18 20
20 24
20 28
20 30
20 33
20 42
20 44
20 51
20 94
22 59
22 92
22 95
23 26
25 47
25 49
25 72
26 62
26 69
26 88
27 37
27 55
28 45
28 46
28 47
28 80
30 34
30 43
30 61
30 78
30 99
31 38
31 40
31 93
32 66
34 52
35 71
36 37
36 87
37 46
37 48
37 56
37 68
37 96
38 57
39 64
39 74
43 82
43 95
47 64
47 70
47 86
47 90
48 72
49 86
50 91
52 84
53 60
53 66
53 79
54 82
63 79
63 81
67 71
67 85
69 83
71 85
75 98
78 92
89 96
